512
512
512
512
512
512
512
512
512
512
512
512
512
512
512
512
512
512
512
512
512
512
512
512
512
512
512
512
512
512
512
512
512
512
512
512
512
512
512
512
512
512
512
512
512
512
512
512
512
512
512
512
512
512
512
512
512
512
512
512
512
513
512
512
512
512
512
511
511
511
511
512
512
513
513
514
514
513
512
512
511
510
509
509
510
511
512
513
515
516
516
515
513
512
510
509
507
507
508
510
512
514
516
518
518
518
516
513
510
507
505
504
505
507
510
513
517
520
522
521
519
515
511
506
502
500
500
503
507
512
518
523
526
526
524
519
512
506
500
496
495
498
503
510
517
525
530
532
530
524
516
507
499
492
489
491
497
506
515
526
534
538
537
531
521
511
499
489
484
483
489
499
512
525
536
543
544
539
529
515
501
487
478
476
480
491
506
522
537
548
552
549
538
522
505
487
474
468
470
480
497
516
536
551
559
559
549
532
512
490
472
462
460
469
486
509
532
552
565
568
561
544
520
496
473
457
451
457
474
498
524
550
568
576
572
557
532
504
476
455
444
446
461
485
514
544
569
582
583
570
546
515
483
456
440
436
447
471
503
536
566
586
592
583
560
528
494
461
438
429
435
456
488
524
559
585
598
594
575
544
507
470
440
424
425
442
472
511
549
581
601
603
589
560
521
482
446
424
417
429
456
495
535
573
599
609
601
575
538
496
456
427
414
419
441
478
520
561
594
611
609
589
555
512
470
434
414
412
429
461
504
547
584
608
614
601
571
529
485
446
418
409
419
446
486
530
571
602
615
609
585
547
503
460
427
410
413
434
469
512
556
591
611
613
596
562
520
477
440
416
411
424
454
495
538
577
603
612
603
576
537
495
455
426
413
419
442
479
520
561
592
608
606
586
553
512
472
439
420
418
434
464
503
543
577
599
604
592
566
529
490
455
431
422
430
453
487
525
560
587
599
594
575
544
508
472
445
430
430
446
474
509
543
572
589
592
580
555
523
490
460
441
435
443
464
494
525
555
577
586
581
564
537
507
477
454
443
444
458
481
510
538
562
576
578
568
548
521
494
470
454
449
455
472
497
522
547
564
572
568
555
533
509
485
467
456
457
467
486
509
531
550
563
565
558
543
522
501
481
467
461
465
478
496
516
536
551
559
558
549
533
513
495
479
469
467
473
487
504
522
539
551
555
551
541
525
508
491
478
472
472
480
494
511
526
540
549
551
546
534
519
504
489
478
474
477
486
500
515
530
542
548
548
541
529
514
499
487
479
477
481
491
505
519
533
543
547
544
536
523
510
495
484
478
479
485
497
511
524
536
544
545
541
531
517
504
491
482
479
482
490
503
516
529
539
544
543
536
525
512
498
487
481
480
486
496
510
523
534
542
543
539
530
517
505
492
484
481
484
492
504
517
529
538
542
540
533
522
510
498
488
483
484
490
500
512
524
534
540
540
535
525
513
502
492
486
485
489
498
509
520
530
537
538
535
527
516
506
495
489
487
490
497
507
517
527
534
536
534
527
517
508
498
492
489
491
497
507
516
525
531
534
532
526
517
509
500
494
491
493
499
507
515
524
530
532
530
524
516
509
501
495
493
495
501
508
516
524
529
530
528
523
515
507
500
495
494
497
502
510
517
524
529
530
527
521
513
506
499
495
494
497
504
512
519
526
530
530
526
520
512
504
497
493
493
497
505
512
521
528
532
531
527
519
511
502
495
491
492
497
505
513
523
530
534
533
528
520
510
501
493
489
490
495
504
514
524
532
536
535
530
521
511
500
491
487
488
493
502
513
524
533
538
538
532
523
512
500
491
485
485
491
500
512
524
534
539
540
534
525
512
501
490
484
484
488
498
510
522
533
540
541
537
527
515
503
491
484
482
486
495
508
520
532
540
542
539
530
517
505
493
485
482
485
493
505
518
530
539
542
540
532
520
508
495
486
482
484
491
503
515
528
537
542
540
533
522
510
498
488
483
484
490
500
512
525
534
540
540
534
524
512
501
491
485
485
490
499
511
521
531
537
538
534
526
515
504
494
488
487
490
498
508
519
528
534
536
533
526
516
507
497
491
489
491
498
507
516
525
531
534
532
526
518
509
501
495
492
494
499
506
514
522
528
530
529
525
518
511
503
498
495
496
500
506
512
519
524
527
526
523
517
512
506
501
499
499
502
507
512
517
521
523
523
520
516
512
507
504
502
503
505
509
512
516
519
520
520
518
514
512
508
506
505
506
508
511
513
515
517
517
517
515
512
511
509
508
508
509
511
512
514
515
516
515
514
512
511
509
508
509
510
512
513
514
516
516
515
513
512
510
508
507
508
509
511
513
515
517
517
517
515
512
510
508
506
506
507
509
512
515
517
519
519
518
515
512
509
506
504
504
505
509
512
516
519
521
521
519
516
512
508
504
502
502
504
508
512
517
520
523
523
520
516
512
507
503
501
501
503
507
512
517
521
524
524
522
517
512
507
502
500
500
502
507
512
517
522
525
525
522
518
512
507
502
499
499
501
506
512
517
522
525
525
523
518
512
507
502
499
499
501
506
512
517
522
525
525
523
518
512
507
502
499
499
501
506
512
517
522
525
525
523
518
512
507
502
499
499
501
506
512
517
522
525
525
522
518
512
507
502
499
499
502
507
512
518
522
525
525
522
517
512
506
502
499
500
503
507
512
518
523
525
524
521
516
511
506
501
499
500
503
508
513
519
523
525
524
521
515
510
505
501
499
500
504
509
514
520
524
525
524
520
514
509
504
500
499
500
504
510
515
521
525
526
524
520
514
508
503
499
498
500
504
511
516
522
526
526
524
520
513
507
502
498
497
499
504
511
517
523
527
527
525
520
513
507
501
497
496
499
504
511
518
524
527
528
525
520
513
506
500
496
496
498
504
511
518
524
528
529
526
520
513
506
499
495
495
498
504
511
518
525
529
529
526
521
513
506
499
495
494
497
503
511
518
525
529
530
527
521
513
506
499
495
494
497
503
511
518
525
529
530
527
521
513
506
499
495
494
497
502
510
518
525
529
530
527
522
514
507
499
495
494
497
502
510
517
524
529
530
527
522
514
507
500
495
494
497
502
510
517
524
528
529
527
522
514
507
500
496
495
497
503
510
517
523
528
529
526
521
514
508
501
497
496
498
503
510
516
523
527
528
526
521
514
508
501
497
496
499
504
510
516
522
526
527
525
520
513
508
502
498
497
500
505
511
517
522
526
526
524
519
513
507
502
499
498
501
506
512
517
522
525
525
523
518
512
507
502
499
499
502
507
512
517
522
524
524
522
517
512
506
502
500
500
503
508
512
518
522
524
524
521
516
511
506
502
500
501
504
509
513
519
522
524
523
520
515
510
505
501
500
501
505
510
515
519
523
524
522
519
514
509
504
501
500
502
506
511
515
520
523
524
522
518
513
508
503
501
500
502
506
512
516
521
524
524
522
517
512
507
503
500
500
502
507
512
517
522
524
524
521
517
512
506
502
500
500
503
507
512
518
522
525
524
521
516
511
506
501
499
500
503
508
513
519
523
525
524
521
516
511
505
501
499
500
503
508
513
519
523
525
524
521
515
510
505
501
499
500
503
509
514
520
524
525
524
520
515
510
504
500
499
500
504
509
514
520
524
525
524
520
515
509
504
500
499
500
504
510
515
520
524
525
524
520
514
509
504
500
499
500
505
510
515
521
524
525
523
519
514
508
503
500
499
501
505
511
516
521
524
525
523
519
513
508
503
500
499
501
506
511
516
521
525
525
523
518
512
507
502
499
499
502
506
512
517
522
525
525
522
517
512
507
502
499
499
502
507
512
518
522
525
525
522
517
512
506
501
499
499
502
507
513
518
523
525
525
521
516
511
505
501
499
499
503
508
513
519
523
525
525
521
516
510
505
500
498
499
503
509
514
520
524
526
525
521
515
510
504
500
498
499
503
509
515
520
524
526
525
521
515
509
503
499
498
499
504
510
515
521
525
526
525
520
514
509
503
499
498
499
504
510
516
521
525
526
525
520
514
508
502
498
497
499
504
510
516
522
526
527
525
520
514
508
502
498
497
499
504
511
516
522
526
527
525
520
513
507
502
498
497
500
504
511
517
523
526
527
524
519
513
507
501
498
497
500
505
511
517
523
526
527
524
519
513
507
501
498
497
500
505
512
517
523
526
527
524
519
512
507
501
498
498
500
505
512
518
523
526
526
524
518
512
506
501
498
498
501
506
512
518
523
526
526
523
518
512
506
501
498
498
501
506
512
518
523
526
526
523
517
512
506
501
498
498
502
507
512
519
523
526
525
522
517
511
505
500
498
499
502
508
513
519
524
526
525
522
516
511
505
500
498
499
503
508
514
520
524
526
525
521
515
510
504
500
498
499
503
509
514
520
524
526
524
520
515
510
504
500
498
500
504
510
515
520
524
526
524
520
514
509
503
500
498
500
504
510
515
521
525
525
524
519
514
508
503
499
499
501
505
511
516
521
525
525
523
519
513
508
502
499
499
501
505
511
517
522
525
525
523
518
512
507
502
499
499
501
506
